40	net-libs/libsoup	44
40	dev-libs/apr	17
40	media-libs/fmod	10
41	dev-libs/fribidi	20
41	media-libs/faad2	21
42	sys-libs/libcap	39
43	dev-libs/libprelude	10
43	dev-libs/xerces-c	16
43	dev-libs/geoip	21
43	sci-libs/hdf5	11
44	net-libs/loudmouth	10
44	dev-libs/nss	37
44	media-libs/libid3tag	23
44	media-libs/libmad	52
45	sys-libs/libselinux	38
45	dev-libs/libcdio	20
46	net-libs/gnutls	96
46	x11-libs/gtksourceview	34
47	media-libs/openexr	23
48	dev-libs/libaio	10
49	dev-libs/libgpg-error	19
49	dev-libs/libedit	18
49	media-libs/taglib	44
49	media-libs/jasper	17
51	media-libs/libtheora	30
52	dev-libs/libical	11
52	x11-libs/libxklavier	12
52	x11-libs/cairo	110
53	x11-libs/gksu	12
57	media-libs/ftgl	14
57	dev-libs/liboil	24
57	media-libs/libmodplug	17
58	dev-libs/apr-util	10
63	sci-libs/gdal	12
65	media-libs/liblo	11
68	media-libs/glew	23
69	x11-libs/libX11	779
69	x11-libs/libXp	34
69	x11-libs/libXi	95
69	x11-libs/libXaw	125
69	x11-libs/libXmu	158
69	x11-libs/libXt	681
69	x11-libs/libICE	121
69	x11-libs/libXext	876
69	x11-libs/libxkbfile	19
69	x11-libs/libXxf86dga	34
69	x11-libs/libXrandr	74
69	x11-libs/libXfont	10
69	x11-libs/libXau	86
69	x11-libs/libXv	40
69	x11-libs/libXxf86vm	489
69	x11-libs/libXft	94
69	x11-libs/libXScrnSaver	35
69	x11-libs/libXrender	101
69	x11-libs/libXdmcp	81
69	x11-libs/libXinerama	83
69	x11-libs/libXtst	489
69	x11-libs/libXcursor	32
69	x11-libs/libXpm	238
69	x11-libs/libSM	149
69	x11-libs/libXfixes	35
69	x11-libs/libdrm	20
69	x11-libs/libXcomposite	24
69	x11-libs/libXdamage	27
69	media-libs/libmpd	12
70	dev-libs/libnl	19
71	dev-libs/mpfr	13
71	media-libs/freealut	21
71	media-libs/x264	12
72	media-libs/libgpod	10
73	x11-libs/libsexy	15
73	media-libs/gst-plugins-base	113
73	media-libs/gst-plugins-good	25
74	media-libs/gst-plugins-bad	13
75	x11-libs/libnotify	78
76	x11-libs/libmatchbox	11
77	media-libs/mutagen	12
79	net-libs/xulrunner	33
81	dev-libs/dbus-glib	183
83	x11-libs/libxcb	19
89	net-libs/telepathy-glib	14
97	x11-libs/qt-dbus	46
97	x11-libs/qt-core	528
97	x11-libs/qt-test	451
97	x11-libs/qt-assistant	30
97	x11-libs/qt-gui	691
97	x11-libs/qt-opengl	77
97	x11-libs/qt-qt3support	447
97	x11-libs/qt-sql	468
97	x11-libs/qt-svg	466
97	x11-libs/qt-xmlpatterns	35
97	x11-libs/qt-script	449
97	x11-libs/qt-webkit	59
97	x11-libs/qt-phonon	32
98	media-libs/qimageblitz	107
102	x11-libs/qt-demo	18
103	net-libs/webkit-gtk	24
105	sys-libs/e2fsprogs-libs	21
107	media-libs/libcanberra	24
107	media-libs/libv4l	13
114	dev-libs/libunique	31
119	x11-libs/qt-multimedia	21
123	dev-libs/gobject-introspection	20
123	sci-libs/ccp4-libs	16
0	0.0640717	1.35555	693	104	19919
1	0.0668454	1.40453	723	104	21385
2	0.0809911	1.72845	876	104	32384
3	0.187592	4.74488	2029	104	243891
4	0.232156	5.40681	2511	104	316773
5	0.359652	8.11667	3890	104	713960
6	0.396912	9.12737	4293	104	902773
7	0.42807	9.809	4630	104	1042660
8	0.490939	11.6627	5310	104	1473790
9	0.519896	12.0211	5409	102	1506249
10	0.557958	12.7576	5805	102	1696545
11	0.592272	13.1553	6162	102	1804190
12	0.599865	13.2111	6241	102	1819577
13	0.657583	13.9448	6708	101	1988064
14	0.667091	14.0712	6805	101	2024333
15	0.652975	14.0199	6661	101	2009425
16	0.724537	16.5014	7391	101	2783043
17	0.752867	16.85	7680	101	2902076
18	0.7785	17.1996	7785	100	2964315
19	0.7865	17.2686	7865	100	2988225
20	0.8084	17.6333	8084	100	3115874
21	0.8174	17.7585	8174	100	3160332
22	0.8301	18.0571	8301	100	3267483
23	0.8506	18.4866	8506	100	3424792
24	0.8682	18.9079	8682	100	3582628
25	0.911912	19.3901	8758	98	3618868
26	0.925135	19.7357	8885	98	3748941
27	0.944627	19.9462	8888	97	3751790
28	0.955574	20.15	8991	97	3828845
29	0.983941	20.4628	9068	96	3867886
30	1.01429	20.7934	9154	95	3911382
31	1.00864	20.8349	9103	95	3926873
32	0.593019	15.3307	5352	95	2124314
33	0.559114	13.7807	5046	95	1716726
34	0.614418	15.6048	5429	94	2154999
35	0.830056	18.1017	5446	81	2154362
36	0.834476	18.1552	5475	81	2167141
37	0.798659	16.6166	5240	81	1815754
38	0.811309	16.9676	5323	81	1893229
39	0.815882	17.0057	5353	81	1901775
40	0.816187	17.004	5355	81	1901387
41	0.827618	17.1458	5430	81	1933294
42	0.826856	17.0257	5425	81	1906341
43	0.936094	19.1391	5991	80	2349953
44	0.946406	19.338	6057	80	2399069
45	0.952656	19.4958	6097	80	2438353
46	0.954375	19.4998	6108	80	2439386
47	0.953281	19.4764	6101	80	2433529
48	0.932656	19.5964	5969	80	2463283
49	0.952411	19.8018	5944	79	2452824
50	0.950008	19.8947	5929	79	2475809
51	0.938692	19.3123	5711	78	2274475
52	0.982577	19.8845	5978	78	2411452
53	1.00793	20.1335	5976	77	2409398
54	1.0081	20.4871	5977	77	2494561
55	1.03809	20.8382	5996	76	2514348
56	1.04462	21.1688	5876	75	2526800
57	1.07962	21.6094	5912	74	2563496
58	1.1034	21.9159	5880	73	2566052
59	1.19306	22.789	5846	70	2551740
60	0.165932	2.44059	790	69	28490
61	0.178604	2.55603	778	66	28598
62	0.186746	2.6379	789	65	29547
63	0.614198	4.76461	796	36	29910
64	0.647347	4.95644	793	35	30607
65	0.652245	4.98977	799	35	31021
66	0.64898	5.03806	795	35	31609
67	0.696367	5.26006	805	34	32545
68	0.705017	5.3499	815	34	33661
69	0.753903	5.56257	821	33	34315
70	0.768595	5.63324	837	33	35201
71	0.762167	5.64494	830	33	35334
72	0.705234	5.5343	768	33	33896
73	0.716253	5.62865	780	33	35060
74	0.771484	5.86573	790	32	35842
75	0.957194	6.63544	805	29	37799
76	0.939358	6.61727	790	29	37568
77	0.78478	5.43954	660	29	25402
78	0.757432	5.40011	637	29	25007
79	0.821429	5.65065	644	28	25562
80	0.8672	5.91892	542	25	22366
81	0.940972	6.245	542	24	22974
82	0.90625	6.15919	522	24	22324
83	0.9825	5.34997	393	20	11835
84	0.941828	5.29668	340	19	10448
85	0.67284	4.16901	218	18	5778
86	0.613281	4.29513	157	16	4819
87	0.617347	4.22354	121	14	3571
88	0.74	4.91451	74	10	2470
89	0	0	0	6	0
90	0	0	0	5	0
91	0	0	0	3	0
92	0	0	0	0	0
93	0	0	0	0	0
94	0	0	0	0	0
95	0	0	0	0	0
96	0	0	0	0	0
97	0	0	0	0	0
98	0	0	0	0	0
99	0	0	0	0	0
100	0	0	0	0	0
101	0	0	0	0	0
102	0	0	0	0	0
103	0	0	0	0	0
104	0	0	0	0	0
105	0	0	0	0	0
106	0	0	0	0	0
107	0	0	0	0	0
108	0	0	0	0	0
109	0	0	0	0	0
110	0	0	0	0	0
111	0	0	0	0	0
112	0	0	0	0	0
113	0	0	0	0	0
114	0	0	0	0	0
115	0	0	0	0	0
116	0	0	0	0	0
117	0	0	0	0	0
118	0	0	0	0	0
119	0	0	0	0	0
120	0	0	0	0	0
121	0	0	0	0	0
122	0	0	0	0	0
123	0	0	0	0	0
124	0	0	0	0	0
125	0	0	0	0	0
126	0	0	0	0	0
127	0	0	0	0	0
128	0	0	0	0	0
129	0	0	0	0	0
130	0	0	0	0	0
131	0	0	0	0	0
